RF00672	AAAB01008807.1	2608463	2608553	90.8	1.0e-15	1	89	0	seed	1
RF00672	AADA01239194.1	26818	26902	87.6	7.9e-15	1	89	0	seed	1
RF00672	AADE01000851.1	6712	6801	87.0	1.2e-14	1	89	0	seed	1
RF00672	AADG06002597.1	89381	89294	85.1	3.9e-14	1	89	0	seed	1
RF00672	AAEX03005350.1	184444	184529	89.0	3.3e-15	1	89	0	seed	1
RF00672	AAFR03052180.1	90862	90947	86.1	2.1e-14	1	89	0	seed	1
RF00824	AAGD02001051.1	27520	27621	50.1	0.00049	1	101	0	full	1
RF00824	AAGD02001051.1	27617	27516	102.8	6.0e-18	1	101	0	full	0
RF00824	AAGD02001051.1	27617	27516	102.8	6.0e-18	1	101	0	seed	1
RF00672	AAGE02010108.1	2181	2091	88.1	5.8e-15	1	89	0	seed	1
RF00672	AAIY01445479.1	883	798	79.5	1.4e-12	1	89	0	seed	1
RF00672	AAIZ01006758.1	25097	25008	87.0	1.2e-14	1	89	0	full	1
RF00672	AAJJ01000811.1	4671	4585	76.0	1.3e-11	1	89	0	seed	1
RF00672	AANH01000285.1	275417	275332	85.8	2.5e-14	1	89	0	full	1
RF00672	AANH01001186.1	51033	51124	78.2	3.2e-12	1	89	0	full	0
RF00672	AANH01001186.1	51033	51124	78.2	3.2e-12	1	89	0	seed	1
RF00672	AANH01001576.1	13194	13110	83.1	1.4e-13	1	89	0	full	1
RF00672	AANI01017342.1	104454	104543	85.6	2.8e-14	1	89	0	full	1
RF00672	AANN01658794.1	906	991	79.9	1.1e-12	1	89	0	seed	1
RF00672	AAPE02026445.1	19305	19221	87.9	6.6e-15	1	89	0	full	1
RF00672	AAPE02030042.1	36325	36410	87.9	6.6e-15	1	89	0	full	1
RF00672	AAPN01024655.1	497	583	73.9	5.0e-11	1	89	0	seed	1
RF00672	AAPP01019301.1	89727	89638	86.9	1.2e-14	1	89	0	full	1
RF00672	AAPQ01006550.1	54883	54794	89.2	2.9e-15	1	89	0	seed	1
RF00672	AAPU01011510.1	87170	87259	87.2	1.0e-14	1	89	0	full	0
RF00672	AAPU01011510.1	87170	87259	87.2	1.0e-14	1	89	0	seed	1
RF00824	AAQA01001434.1	1796	1718	59.8	1.3e-06	1	101	0	seed	1
RF00672	AAQR03025749.1	26089	26173	87.6	7.9e-15	1	89	0	full	1
RF00672	AAQR03179159.1	3618	3533	87.3	9.6e-15	1	89	0	full	0
RF00672	AAQR03179159.1	3618	3533	87.3	9.6e-15	1	89	0	seed	1
RF00672	AAVX01028763.1	1639	1724	70.5	4.4e-10	1	89	0	seed	1
RF00672	AAVX01176080.1	200	287	80.0	1.0e-12	1	89	0	seed	1
RF00672	AAWU01013103.1	681	591	88.9	3.5e-15	1	89	0	seed	1
RF00672	AAYZ01218204.1	4143	4058	84.1	7.4e-14	1	89	0	seed	1
RF00672	AAZO01006982.1	10545	10459	65.2	1.3e-08	1	89	0	full	0
RF00672	AAZO01006982.1	10545	10459	65.2	1.3e-08	1	89	0	seed	1
RF00672	AAZX01003157.1	32919	33003	70.4	4.7e-10	1	89	0	seed	1
RF00824	ABEG02000979.1	99685	99586	92.0	4.3e-15	1	101	0	full	0
RF00824	ABEG02000979.1	99685	99586	92.0	4.3e-15	1	101	0	seed	1
RF00824	ABLE03029537.1	3482	3377	54.2	4.0e-05	1	101	0	full	1
RF00672	ABLF02027143.1	2956	3040	61.2	1.7e-07	1	89	0	full	1
RF00672	ABRO02011534.1	18038	17954	89.0	3.3e-15	1	89	0	full	1
RF00672	ABRO02023025.1	1565	1480	83.2	1.3e-13	1	89	0	full	1
RF00672	AC163616.3	177952	178037	72.1	1.6e-10	1	89	0	seed	1
RF00672	ACJG01000190.1	141444	141535	66.2	6.8e-09	1	89	0	full	1
RF00672	ACPB03000518.1	141228	141310	59.7	4.3e-07	1	89	0	full	1
RF00672	ACTA01004345.1	30449	30533	87.6	7.9e-15	1	89	0	full	1
RF00672	ACTA01081327.1	6155	6240	84.2	7.0e-14	1	89	0	full	1
RF00824	ADBU02002122.1	205	127	59.8	1.3e-06	1	101	0	full	1
RF00824	ADBV01000526.1	9016	8938	59.8	1.3e-06	1	101	0	full	1
RF00672	ADMH02000549.1	139135	139044	82.6	1.9e-13	1	89	0	full	1
RF00672	ADON01126921.1	87053	86969	91.6	6.2e-16	1	89	0	full	1
RF00672	ADON01166464.1	5	91	86.7	1.4e-14	1	89	0	full	1
RF00672	AE014296.5	8571808	8571897	88.5	4.5e-15	1	89	0	full	1
RF00672	AEAB01016105.1	51691	51776	68.5	1.6e-09	1	89	0	full	1
RF00672	AEAC01021161.1	274	188	72.6	1.1e-10	1	89	0	full	1
RF00672	AEAQ01031062.1	9168	9083	69.9	6.4e-10	1	89	0	full	1
RF00672	AFEY01385952.1	10533	10617	89.0	3.3e-15	1	89	0	full	1
RF00672	AFEY01404896.1	13967	14052	86.5	1.6e-14	1	89	0	full	1
RF00672	AFFK01020656.1	21668	21583	64.4	2.1e-08	1	89	0	full	1
RF00672	AFSB01047579.1	8520	8436	87.6	7.9e-15	1	89	0	full	1
RF00672	AFSB01113393.1	9636	9551	84.6	5.4e-14	1	89	0	full	1
RF00672	AFTD01037873.1	20689	20774	77.3	5.7e-12	1	89	0	full	1
RF00672	AFTD01102442.1	7205	7289	84.3	6.5e-14	1	89	0	full	1
RF00672	AFYH01009560.1	10423	10339	91.6	6.2e-16	1	89	0	full	1
RF00672	AFYH01160964.1	2105	2190	86.4	1.7e-14	1	89	0	full	1
RF00672	AGAJ01002602.1	10575	10490	84.1	7.4e-14	1	89	0	full	1
RF00672	AGAJ01005887.1	7294	7210	83.1	1.4e-13	1	89	0	full	1
RF00672	AGAJ01025751.1	8299	8208	76.5	9.5e-12	1	89	0	full	1
RF00672	AGTP01003129.1	85415	85499	87.6	7.9e-15	1	89	0	full	1
RF00672	AGTP01066485.1	28835	28750	85.7	2.7e-14	1	89	0	full	1
RF00672	AJIM01242204.1	13484	13398	77.4	5.3e-12	1	89	0	full	1
RF00672	AJIM01249369.1	25084	25000	87.2	1.0e-14	1	89	0	full	1
RF00672	AJVK01016393.1	7747	7658	82.4	2.2e-13	1	89	0	full	1
RF00672	AJWK01028347.1	10526	10615	81.2	4.7e-13	1	89	0	full	1
RF00672	AJWK01028348.1	73	162	81.2	4.7e-13	1	89	0	full	1
RF00672	AKHW03000117.1	46101	46187	81.8	3.2e-13	1	89	0	full	1
RF00672	AKHW03006295.1	29297150	29297066	91.6	6.2e-16	1	89	0	full	1
RF00672	ALAR01014363.1	5723	5639	87.6	7.9e-15	1	89	0	full	1
RF00672	ALAR01116060.1	15496	15581	88.0	6.2e-15	1	89	0	full	1
RF00672	ALWS01090137.1	2999	2915	87.6	7.9e-15	1	89	0	full	1
RF00672	ALWS01104510.1	16268	16353	81.4	4.2e-13	1	89	0	full	1
RF00672	ALWT01092815.1	8708	8624	87.9	6.6e-15	1	89	0	full	1
RF00672	ALWT01215837.1	5428	5343	89.4	2.5e-15	1	89	0	full	1
RF00672	ANKR01177130.1	20803	20719	87.9	6.6e-15	1	89	0	full	1
RF00672	ANKR01211864.1	1416	1331	87.9	6.6e-15	1	89	0	full	1
RF00672	APCM01000211.1	23205	23295	90.5	1.2e-15	1	89	0	full	1
RF00672	APGL01021878.1	1792	1706	70.7	3.8e-10	1	89	0	full	1
RF00672	APMT01096953.1	5707	5791	84.3	6.5e-14	1	89	0	full	1
RF00672	APMT01135416.1	2601	2686	79.4	1.5e-12	1	89	0	full	1
RF00672	AUST01011835.1	23251	23164	88.7	3.9e-15	1	89	0	full	1
RF00672	AVOS01019120.1	1168	1084	91.6	6.2e-16	1	89	0	full	1
RF00672	AVOS01040065.1	5037	5123	82.2	2.5e-13	1	89	0	full	1
RF00672	AWGM01045624.1	107157	107066	63.0	5.2e-08	1	89	0	full	1
RF00672	AWGM01045624.1	107320	107229	63.7	3.4e-08	1	89	0	full	1
RF00672	AWGT02000030.1	3298055	3297971	91.6	6.2e-16	1	89	0	full	1
RF00672	AWGT02022154.1	3566	3651	73.4	6.9e-11	1	89	0	full	1
RF00672	AXCM01000778.1	14658	14748	89.1	3.0e-15	1	89	0	full	1
RF00672	AXCO02006637.1	13957	14047	90.8	1.0e-15	1	89	0	full	1
RF00672	AY865951.1	375	459	87.6	7.9e-15	1	89	0	seed	1
RF00672	AYCK01006469.1	7465	7556	78.8	2.2e-12	1	89	0	full	1
RF00672	AYCK01006685.1	57598	57514	83.1	1.4e-13	1	89	0	full	1
RF00672	AYCK01012916.1	82280	82195	84.1	7.4e-14	1	89	0	full	1
RF00672	AYUG01125319.1	33457	33373	87.6	7.9e-15	1	89	0	full	1
RF00672	AYUG01130518.1	16370	16455	81.5	3.9e-13	1	89	0	full	1
RF00672	AZAQ01103056.1	30358	30272	69.3	9.4e-10	1	89	0	full	1
RF00672	AZIM01000142.1	551351	551269	69.6	7.8e-10	1	89	0	full	1
RF00672	AZIM01047643.1	540	627	79.9	1.1e-12	1	89	0	full	1
RF00672	BAAB01160920.1	3305	3393	64.4	2.1e-08	1	89	0	seed	1
RF00672	BAAF04125730.1	5227	5318	79.6	1.3e-12	1	89	0	seed	1
RF00672	BABH01038078.1	4948	5036	64.4	2.1e-08	1	89	0	full	1
RF00824	BTMF_scaffold0001247	180	102	59.8	1.3e-06	1	101	0	full	1
RF00824	BX284601.5	1738633	1738733	107.1	4.4e-19	1	101	0	full	1
RF00824	BX284601.5	1738729	1738629	52.0	0.00015	1	101	0	full	1
RF00672	CAAA01007160.1	18747	18832	72.1	1.6e-10	1	89	0	seed	1
RF00824	CAAC02000589.1	893157	893260	92.7	2.8e-15	1	101	0	seed	1
RF00672	CAAE01014555.1	530429	530345	83.3	1.2e-13	1	89	0	full	1
RF00672	CAAE01014685.1	219901	219986	84.1	7.4e-14	1	89	0	full	0
RF00672	CAAE01014685.1	219901	219986	84.1	7.4e-14	1	89	0	seed	1
RF00672	CAAE01015044.1	472022	472113	77.8	4.1e-12	1	89	0	full	0
RF00672	CAAE01015044.1	472022	472113	77.8	4.1e-12	1	89	0	seed	1
RF00824	CAPY01000339.2	39506	39428	59.8	1.3e-06	1	101	0	full	1
RF00672	CAQQ02110961.1	133	43	78.2	3.2e-12	1	89	0	full	1
RF00824	CAWC010004199.1	4385	4307	60.4	9.3e-07	1	101	0	full	1
RF00672	CCAG010009360.1	58589	58678	85.1	3.9e-14	1	89	0	full	1
RF00824	CCCW010017148.1	2828	2953	54.9	2.6e-05	1	101	0	full	1
RF00824	CCCW010028341.1	16262	16351	55.0	2.5e-05	1	101	0	full	1
RF00824	CCCW010028341.1	16347	16258	52.8	9.4e-05	1	101	0	full	1
RF00824	CCCW010044032.1	145	56	49.7	0.00062	1	101	0	full	1
RF00672	CH379067.3	147754	147665	87.0	1.2e-14	1	89	0	full	1
RF00672	CH477380.1	82291	82201	88.1	5.8e-15	1	89	0	full	1
RF00672	CH480815.1	844160	844249	88.5	4.5e-15	1	89	0	full	1
RF00672	CM000007.3	43037526	43037611	89.0	3.3e-15	1	89	0	full	1
RF00672	CM000030.3	27433122	27433206	87.6	7.9e-15	1	89	0	full	1
RF00672	CM000064.5	9278022	9278109	85.1	3.9e-14	1	89	0	full	1
RF00672	CM000102.4	4206085	4206001	91.6	6.2e-16	1	89	0	full	1
RF00672	CM000124.4	2120407	2120322	89.2	2.9e-15	1	89	0	full	1
RF00672	CM000232.2	169453694	169453777	66.2	6.8e-09	1	89	0	full	1
RF00672	CM000238.2	73854783	73854867	84.3	6.5e-14	1	89	0	full	1
RF00672	CM000282.3	945884	945970	76.0	1.3e-11	1	89	0	full	1
RF00672	CM000293.1	41206805	41206889	87.6	7.9e-15	1	89	0	full	1
RF00672	CM000308.1	132712665	132712580	86.8	1.3e-14	1	89	0	full	1
RF00672	CM000314.3	132265246	132265161	88.9	3.5e-15	1	89	0	full	1
RF00672	CM000329.3	43647788	43647872	87.6	7.9e-15	1	89	0	full	1
RF00672	CM000356.1	46755863	46755773	90.8	1.0e-15	1	89	0	full	1
RF00672	CM000363.1	8005922	8006011	86.3	1.8e-14	1	89	0	full	1
RF00672	CM000369.1	188533134	188533049	86.1	2.1e-14	1	89	0	full	1
RF00672	CM000377.2	129246450	129246366	87.6	7.9e-15	1	89	0	full	1
RF00672	CM000381.2	43502615	43502700	89.2	2.9e-15	1	89	0	full	1
RF00672	CM000413.1	18141098	18141182	87.6	7.9e-15	1	89	0	full	1
RF00672	CM000527.1	3908576	3908492	88.8	3.7e-15	1	89	0	full	1
RF00672	CM000542.1	412722	412636	88.2	5.4e-15	1	89	0	full	1
RF00672	CM000550.1	97310093	97310178	88.9	3.5e-15	1	89	0	full	1
RF00672	CM000565.1	59808517	59808601	87.6	7.9e-15	1	89	0	full	1
RF00672	CM000663.2	154193747	154193662	88.9	3.5e-15	1	89	0	full	1
RF00672	CM000677.2	62823957	62824041	87.6	7.9e-15	1	89	0	full	1
RF00672	CM000802.1	38367192	38367277	88.0	6.2e-15	1	89	0	full	1
RF00672	CM000806.1	9455234	9455150	87.6	7.9e-15	1	89	0	full	1
RF00672	CM000812.5	109225470	109225386	87.6	7.9e-15	1	89	0	full	1
RF00672	CM000815.5	95540602	95540687	90.6	1.2e-15	1	89	0	full	1
RF00672	CM000865.1	5177849	5177933	87.6	7.9e-15	1	89	0	full	1
RF00672	CM000873.1	8133725	8133640	88.9	3.5e-15	1	89	0	full	1
RF00672	CM000919.2	8961769	8961685	70.4	4.7e-10	1	89	0	full	1
RF00824	CM000939.1	24359411	24359509	50.1	0.00049	1	101	0	full	1
RF00672	CM000973.2	7103108	7103024	91.6	6.2e-16	1	89	0	full	1
RF00672	CM000996.2	90070016	90070101	72.1	1.6e-10	1	89	0	full	1
RF00672	CM001002.2	67236735	67236651	84.3	6.5e-14	1	89	0	full	1
RF00672	CM001383.3	44254425	44254341	87.6	7.9e-15	1	89	0	full	1
RF00672	CM001394.3	71081741	71081826	88.6	4.2e-15	1	89	0	full	1
RF00672	CM001406.1	52827283	52827199	84.0	7.9e-14	1	89	0	full	1
RF00672	CM001444.1	18335387	18335472	84.1	7.4e-14	1	89	0	full	1
RF00672	CM001450.1	39300660	39300744	83.1	1.4e-13	1	89	0	full	1
RF00672	CM001454.1	16907474	16907565	77.9	3.9e-12	1	89	0	full	1
RF00672	CM001491.2	124529761	124529676	86.8	1.3e-14	1	89	0	full	1
RF00672	CM001497.2	37198534	37198618	87.6	7.9e-15	1	89	0	full	1
RF00672	CM001582.2	102957149	102957064	90.6	1.2e-15	1	89	0	full	1
RF00672	CM001588.2	44267103	44267019	87.6	7.9e-15	1	89	0	full	1
RF00672	CM001652.1	82065479	82065563	87.6	7.9e-15	1	89	0	full	1
RF00672	CM001658.1	47997847	47997930	74.1	4.4e-11	1	89	0	full	1
RF00672	CM001961.2	9628443	9628528	86.8	1.3e-14	1	89	0	full	1
RF00672	CM001967.1	20708435	20708351	87.6	7.9e-15	1	89	0	full	1
RF00672	CM001999.1	19047228	19047312	91.6	6.2e-16	1	89	0	full	1
RF00672	CM002013.1	2748105	2748191	88.2	5.4e-15	1	89	0	full	1
RF00672	CM002900.2	17705987	17705898	80.4	7.9e-13	1	89	0	full	1
RF00672	CM002909.2	33139106	33139190	85.8	2.5e-14	1	89	0	full	1
RF00672	CM003280.1	7661318	7661227	78.7	2.3e-12	1	89	0	full	1
RF00672	CM003283.1	74248792	74248883	78.7	2.3e-12	1	89	0	full	1
RF00672	CM003288.1	83537831	83537915	82.2	2.5e-13	1	89	0	full	1
RF00672	CM003289.1	29574000	29573916	82.8	1.7e-13	1	89	0	full	1
RF00672	CM003289.1	31381470	31381386	82.8	1.7e-13	1	89	0	full	1
RF00672	CM003294.1	27159962	27159878	83.1	1.4e-13	1	89	0	full	1
RF00672	CM003304.1	31702508	31702592	82.8	1.7e-13	1	89	0	full	1
RF00672	CM003304.1	31758489	31758405	82.8	1.7e-13	1	89	0	full	1
RF00824	CM004466.1	24927831	24927926	51.0	0.00028	1	101	0	full	1
RF00672	CM004480.1	117531087	117531172	73.0	8.9e-11	1	89	0	full	1
RF00672	CM004481.1	97211618	97211703	66.4	6.0e-09	1	89	0	full	1
RF00672	CM008154.1	19847536	19847445	82.6	1.9e-13	1	89	0	full	1
RF00672	CM008307.1	17798848	17798932	83.1	1.4e-13	1	89	0	full	1
RF00672	CM008309.1	9637814	9637903	74.4	3.6e-11	1	89	0	full	1
RF00824	CP001769.1	1303838	1303952	52.8	9.4e-05	1	101	0	full	1
RF00824	CP001769.1	1303948	1303834	50.0	0.00052	1	101	0	full	1
RF00824	CP001769.1	4074856	4074965	51.5	0.00021	1	101	0	full	1
RF00824	CP001769.1	4074961	4074852	53.7	5.5e-05	1	101	0	full	1
RF00824	CP001769.1	6849638	6849544	52.5	0.00011	1	101	0	full	1
RF00824	CP001769.1	7944518	7944638	51.5	0.00021	1	101	0	full	1
RF00824	CP001769.1	7944632	7944516	51.3	0.00023	1	101	0	full	1
RF00672	CP012525.1	7280501	7280589	73.9	5.0e-11	1	89	0	full	1
RF00672	CR361564.27	60035	60124	80.4	7.9e-13	1	89	0	seed	1
RF00672	CVRI01000059.1	804189	804315	64.3	2.3e-08	1	89	0	full	1
RF00672	DF087030.1	7092	7183	79.6	1.3e-12	1	89	0	full	1
RF00672	DS231993.1	347990	347900	88.9	3.5e-15	1	89	0	full	1
RF00672	DS232163.1	105135	105045	87.3	9.6e-15	1	89	0	full	1
RF00672	DS562865.1	15118720	15118635	87.4	9.0e-15	1	89	0	full	1
RF00672	DS562953.1	858157	858241	87.6	7.9e-15	1	89	0	full	1
RF00672	EQ090207.1	11751322	11751232	90.8	1.0e-15	1	89	0	full	1
RF00824	FO080942.1	98206	98306	107.1	4.4e-19	1	101	0	seed	1
RF00824	FR847112.2	2597949	2598052	92.7	2.8e-15	1	101	0	full	1
RF00672	FR853080.2	133274562	133274477	88.9	3.5e-15	1	89	0	full	1
RF00672	FR853086.2	41252227	41252311	87.6	7.9e-15	1	89	0	full	1
RF00672	GK000003.2	16374600	16374685	90.6	1.2e-15	1	89	0	full	1
RF00672	GK000010.2	47321145	47321061	87.6	7.9e-15	1	89	0	full	1
RF00672	GL010060.1	2667907	2667822	86.5	1.6e-14	1	89	0	full	1
RF00672	GL010086.1	8708651	8708735	87.6	7.9e-15	1	89	0	full	1
RF00672	GL344433.1	25392	25474	67.2	3.6e-09	1	89	0	full	1
RF00672	GL377341.1	9405099	9405184	69.7	7.3e-10	1	89	0	full	1
RF00824	GL637601.1	3528780	3528882	87.3	7.4e-14	1	101	0	full	1
RF00672	GL888120.1	554255	554170	69.5	8.3e-10	1	89	0	full	1
RF00672	GL896964.1	6710057	6709973	87.6	7.9e-15	1	89	0	full	1
RF00824	GL996201.1	62502	62595	52.7	1.0e-04	1	101	0	full	1
RF00672	HE587310.1	790338	790428	62.9	5.6e-08	1	89	0	full	1
RF00824	HE601624.1	60439214	60439122	49.0	0.00095	1	101	0	full	1
RF00672	HE602541.1	12383223	12383132	78.3	3.0e-12	1	89	0	full	1
RF00672	HE602543.1	8368434	8368350	83.3	1.2e-13	1	89	0	full	1
RF00672	HE602547.1	4112995	4112910	84.1	7.4e-14	1	89	0	full	1
RF00824	HG738137.1	2545159	2545081	60.4	9.3e-07	1	101	0	full	1
RF00672	JARO02000578.1	4120	4036	83.5	1.1e-13	1	89	0	full	1
RF00672	JARO02005581.1	23849	23939	73.9	5.0e-11	1	89	0	full	1
RF00672	JENH01031959.1	993	909	78.7	2.3e-12	1	89	0	full	1
RF00824	JH209564.1	9292962	9293061	52.1	0.00014	1	101	0	full	1
RF00824	JH209564.1	9293069	9293168	52.1	0.00014	1	101	0	full	1
RF00672	JH209891.1	737353	737437	87.2	1.0e-14	1	89	0	full	1
RF00672	JH835311.1	7358146	7358230	87.0	1.2e-14	1	89	0	full	1
RF00672	JH835555.1	1790651	1790736	79.9	1.1e-12	1	89	0	full	1
RF00672	JJRC01028072.1	184	98	87.5	8.5e-15	1	89	0	full	1
RF00672	JJRC01073006.1	1470	1386	91.6	6.2e-16	1	89	0	full	1
RF00672	JJRC01094374.1	306	220	87.5	8.5e-15	1	89	0	full	1
RF00672	JJRD01103371.1	40638	40722	91.6	6.2e-16	1	89	0	full	1
RF00672	JJRE01015783.1	11876	11792	91.6	6.2e-16	1	89	0	full	1
RF00672	JJRF01072589.1	11792	11708	91.6	6.2e-16	1	89	0	full	1
RF00672	JJRG01013902.1	926	842	91.6	6.2e-16	1	89	0	full	1
RF00672	JJRH01028989.1	4419	4335	91.6	6.2e-16	1	89	0	full	1
RF00672	JJRI01024500.1	3312	3396	91.6	6.2e-16	1	89	0	full	1
RF00672	JJRJ01061073.1	18401	18317	91.6	6.2e-16	1	89	0	full	1
RF00672	JJRK01067770.1	16329	16245	91.6	6.2e-16	1	89	0	full	1
RF00672	JJRK01086881.1	124	38	87.5	8.5e-15	1	89	0	full	1
RF00672	JJRL01044722.1	19094	19178	91.6	6.2e-16	1	89	0	full	1
RF00672	JJRL01045636.1	132	218	87.5	8.5e-15	1	89	0	full	1
RF00672	JJRM01103216.1	23400	23316	91.6	6.2e-16	1	89	0	full	1
RF00672	JJRN01095624.1	4887	4803	91.6	6.2e-16	1	89	0	full	1
RF00672	JJRO01093815.1	15775	15859	91.6	6.2e-16	1	89	0	full	1
RF00672	JJRP01011928.1	149	62	83.7	9.6e-14	1	89	0	full	1
RF00672	JJRP01045902.1	24760	24676	91.6	6.2e-16	1	89	0	full	1
RF00672	JJRQ01024585.1	1491	1407	91.6	6.2e-16	1	89	0	full	1
RF00672	JJRR01065324.1	28028	28112	91.6	6.2e-16	1	89	0	full	1
RF00672	JJRR01096633.1	291	205	88.0	6.2e-15	1	89	0	full	1
RF00672	JJRS01035670.1	37647	37731	91.6	6.2e-16	1	89	0	full	1
RF00672	JJRS01088471.1	168	254	87.5	8.5e-15	1	89	0	full	1
RF00672	JJRT01054600.1	35705	35790	83.6	1.0e-13	1	89	0	full	1
RF00672	JJRU01000149.1	5068	5152	88.7	3.9e-15	1	89	0	full	1
RF00672	JJRV01007718.1	26711	26627	91.6	6.2e-16	1	89	0	full	1
RF00672	JJRV01041974.1	253	339	86.4	1.7e-14	1	89	0	full	1
RF00672	JMFH01002978.1	1148	1062	87.5	8.5e-15	1	89	0	full	1
RF00672	JMFH01052408.1	88771	88687	91.6	6.2e-16	1	89	0	full	1
RF00672	JMFI01018716.1	1473	1389	91.6	6.2e-16	1	89	0	full	1
RF00672	JMFJ01083948.1	5587	5503	91.6	6.2e-16	1	89	0	full	1
RF00672	JMFK01012485.1	1460	1376	88.8	3.7e-15	1	89	0	full	1
RF00672	JMFK01114647.1	190	274	71.5	2.3e-10	1	89	0	full	1
RF00672	JMFL01107039.1	10252	10336	91.6	6.2e-16	1	89	0	full	1
RF00672	JMFM02011038.1	18455	18539	91.6	6.2e-16	1	89	0	full	1
RF00672	JMFM02030907.1	4087	4001	88.2	5.4e-15	1	89	0	full	1
RF00672	JMFP01045382.1	861	947	87.5	8.5e-15	1	89	0	full	1
RF00672	JMFP01096210.1	2564	2648	91.6	6.2e-16	1	89	0	full	1
RF00672	JMFQ01020566.1	25617	25701	91.6	6.2e-16	1	89	0	full	1
RF00672	JMFQ01055776.1	2907	2993	87.5	8.5e-15	1	89	0	full	1
RF00672	JMFR01061484.1	12259	12175	91.6	6.2e-16	1	89	0	full	1
RF00672	JMFT01105470.1	283	197	87.5	8.5e-15	1	89	0	full	1
RF00672	JMFT01109273.1	1483	1399	91.6	6.2e-16	1	89	0	full	1
RF00672	JMFU01077016.1	30	116	87.5	8.5e-15	1	89	0	full	1
RF00672	JMFU01081313.1	32009	32093	91.6	6.2e-16	1	89	0	full	1
RF00672	JMFV01058739.1	6900	6816	87.9	6.6e-15	1	89	0	full	1
RF00672	JMFW02004513.1	61389	61305	91.6	6.2e-16	1	89	0	full	1
RF00672	JMFX02041229.1	87162	87078	91.6	6.2e-16	1	89	0	full	1
RF00672	JMFX02059687.1	230	144	87.5	8.5e-15	1	89	0	full	1
RF00672	JNOY01020364.1	459	545	79.4	1.5e-12	1	89	0	full	1
RF00672	JNOY01052248.1	1458	1374	91.6	6.2e-16	1	89	0	full	1
RF00672	JRES01001151.1	41002	40913	82.3	2.3e-13	1	89	0	full	1
RF00672	JTDY01000135.1	168843	168757	61.8	1.1e-07	1	89	0	full	1
RF00672	JXLN01011378.1	14789	14886	63.2	4.6e-08	1	89	0	full	1
RF00672	JXUM01082049.1	2247	2157	88.1	5.8e-15	1	89	0	full	1
RF00672	JXUM01094160.1	2147	2237	88.1	5.8e-15	1	89	0	full	1
RF00672	KB016598.1	2629231	2629146	90.6	1.2e-15	1	89	0	full	1
RF00672	KB016982.1	4035029	4034945	87.6	7.9e-15	1	89	0	full	1
RF00672	KB202544.1	53027	52938	71.3	2.6e-10	1	89	0	full	1
RF00672	KB375367.1	1114554	1114470	91.6	6.2e-16	1	89	0	full	1
RF00672	KB457316.1	743635	743724	88.2	5.4e-15	1	89	0	full	1
RF00672	KB663721.1	2334702	2334792	91.8	5.4e-16	1	89	0	full	1
RF00672	KB664289.1	1670993	1670903	87.9	6.6e-15	1	89	0	full	1
RF00672	KB665954.1	1497291	1497381	90.8	1.0e-15	1	89	0	full	1
RF00672	KB668683.1	159846	159756	90.5	1.2e-15	1	89	0	full	1
RF00672	KB671058.1	493398	493488	90.5	1.2e-15	1	89	0	full	1
RF00672	KB672490.1	4172151	4172241	88.3	5.1e-15	1	89	0	full	1
RF00672	KB704125.1	13759556	13759466	90.8	1.0e-15	1	89	0	full	1
RF00672	KB855302.1	347217	347127	76.1	1.2e-11	1	89	0	full	1
RF00672	KE525352.1	3462252	3462161	80.1	9.5e-13	1	89	0	full	1
RF00824	KE715571.1	20423	20515	50.0	0.00052	1	101	0	full	1
RF00672	KI421884.1	12336249	12336340	80.0	1.0e-12	1	89	0	full	1
RF00672	KI915041.1	2363182	2363272	89.4	2.5e-15	1	89	0	full	1
RF00672	KI915163.1	1088107	1088017	90.8	1.0e-15	1	89	0	full	1
RF00672	KK107161.1	603376	603462	76.9	7.3e-12	1	89	0	full	1
RF00672	KK351057.1	167000	166910	83.0	1.5e-13	1	89	0	full	1
RF00672	KK351867.1	251370	251459	85.1	3.9e-14	1	89	0	full	1
RF00672	KK499764.1	471083	471172	85.1	3.9e-14	1	89	0	full	1
RF00672	KK502412.1	1335143	1335054	85.1	3.9e-14	1	89	0	full	1
RF00672	KK717966.1	467413	467329	91.6	6.2e-16	1	89	0	full	1
RF00672	KK718223.1	1111317	1111231	88.2	5.4e-15	1	89	0	full	1
RF00672	KN796321.1	54197	54108	85.1	3.9e-14	1	89	0	full	1
RF00672	KQ040946.1	1514802	1514711	77.0	6.9e-12	1	89	0	full	1
RF00672	KQ042194.1	372323	372407	83.1	1.4e-13	1	89	0	full	1
RF00672	KQ042649.1	561868	561953	84.1	7.4e-14	1	89	0	full	1
RF00672	KQ080154.1	526418	526508	79.2	1.7e-12	1	89	0	full	1
RF00672	KQ435782.1	566909	566823	86.7	1.4e-14	1	89	0	full	1
RF00672	KQ976444.1	1165093	1165178	74.7	3.0e-11	1	89	0	full	1
RF00672	KZ248695.1	395489	395574	61.8	1.1e-07	1	89	0	full	1
RF00672	LADI01017387.1	371997	371910	61.8	1.1e-07	1	89	0	full	1
RF00672	LADJ01023247.1	175346	175433	59.2	5.9e-07	1	89	0	full	1
RF00672	LBMM01003126.1	7747	7832	61.1	1.8e-07	1	89	0	full	1
RF00672	LGHO01003542.1	5660	5574	85.5	3.0e-14	1	89	0	full	1
RF00672	LHQN01020223.1	5652	5565	84.5	5.7e-14	1	89	0	full	1
RF00672	LJIG01016230.1	28173	28259	86.1	2.1e-14	1	89	0	full	1
RF00672	LJIJ01000408.1	70192	70106	78.4	2.8e-12	1	89	0	full	1
RF00824	LK972274.1	617	695	59.8	1.3e-06	1	101	0	full	1
RF00824	LK978209.1	1008955	1008866	53.6	5.8e-05	1	101	0	full	1
RF00824	LK980005.1	42229	42307	54.4	3.6e-05	1	101	0	full	1
RF00672	LKEX01012658.1	13411	13498	61.2	1.7e-07	1	89	0	full	1
RF00672	LKEX01014302.1	41328	41413	68.3	1.8e-09	1	89	0	full	1
RF00824	LKEX01014903.1	39344	39227	51.4	0.00022	1	101	0	full	1
RF00672	LKEY01035012.1	6490	6405	66.1	7.2e-09	1	89	0	full	1
RF00672	LKEZ01008010.1	1741	1656	68.3	1.8e-09	1	89	0	full	1
RF00672	LKFA01014563.1	131768	131853	71.7	2.0e-10	1	89	0	full	1
RF00824	LL236372.1	34062	34185	52.3	0.00013	1	101	0	full	1
RF00824	LL319372.1	2751	2656	49.3	0.00079	1	101	0	full	1
RF00824	LL750815.1	6540	6462	55.3	2.1e-05	1	101	0	full	1
RF00824	LL750815.1	8507	8429	55.3	2.1e-05	1	101	0	full	1
RF00672	LM013789.1	37782	37869	59.7	4.3e-07	1	89	0	full	1
RF00824	LM072339.1	10464	10360	49.7	0.00062	1	101	0	full	1
RF00824	LM414313.1	13784	13877	49.2	0.00084	1	101	0	full	1
RF00824	LM540828.1	3090	3012	60.4	9.3e-07	1	101	0	full	1
RF00672	LMAW01002690.1	715147	715231	91.6	6.2e-16	1	89	0	full	1
RF00672	LMAW01002883.1	30008	29922	88.0	6.2e-15	1	89	0	full	1
RF00672	LRGB01000024.1	2298089	2297998	64.2	2.4e-08	1	89	0	full	1
RF00672	LSYS01005347.1	185135	185049	87.9	6.6e-15	1	89	0	full	1
RF00672	LSYS01007908.1	3191358	3191274	86.7	1.4e-14	1	89	0	full	1
RF00672	LZPO01007946.1	257541	257626	77.5	5.0e-12	1	89	0	full	1
RF00672	LZPO01097239.1	167795	167879	84.3	6.5e-14	1	89	0	full	1
RF00672	MCFN01000086.1	1651617	1651533	91.6	6.2e-16	1	89	0	full	1
RF00672	MCFN01000972.1	195274	195359	73.4	6.9e-11	1	89	0	full	1
RF00672	MUJZ01021701.1	1000	911	61.4	1.5e-07	1	89	0	full	1
RF00672	MUZQ01000090.1	1499499	1499583	88.8	3.7e-15	1	89	0	full	1
RF00672	MUZQ01000219.1	1207941	1207855	88.2	5.4e-15	1	89	0	full	1
RF00672	NNAY01000447.1	46855	46771	73.6	6.0e-11	1	89	0	full	1
